Li-Bird : 28.3974556,84.1299978
Rampur Campus : 27.6782796,84.3723051
NARC : 27.6535833,85.3211257
NAF : 27.6756564,85.3165412
Lumle Agriculture Research Center ( LARC ) : 28.2976697,83.8148103